array([[   0,    0,    0,    0,    0,    0,    0,    0,    0,    0],
       [1124,    1,    3,    0,    1,    4,    0,    2,    0,    0],
       [   6, 1007,    1,    3,    0,    2,    9,    4,    0,    0],
       [   0,    1,  998,    0,    3,    0,    2,    5,    1,    0],
       [   0,    0,    0,  968,    0,    5,    0,    2,    7,    0],
       [   1,    0,    7,    0,  878,    3,    0,    2,    1,    0],
       [   2,    0,    1,    2,    3,  948,    0,    2,    0,    0],
       [   3,    4,    0,    0,    0,    0, 1018,    1,    2,    0],
       [   0,    0,    2,    3,    3,    4,    3,  955,    4,    0],
       [   5,    0,    2,    8,    4,    0,    7,    3,  980,    0]])
